0100001110101010
1100110000010110
1111111101010001
0010000101010000
1110110010011010
1011000110010000
1001000101111101
1001101111001111
1111000000111101
1110001110000100
1100000001111011
0010010001011001
0010010110111001
0001111101000101
1000011110111101
1011111110110001
0011011010001101
0011101111000101
0110001101110000
0000100111110110
1011000100001010
0100010111000010
0001111001001100
0111000001000001
1111110111101100
1101101010110011
0101000001110010
1101001000111100
0111100111100110
1110000011011010
1001011110111110
1000010101100010
0000011101111100
1001100011001110
0110101000110010
0011100100111011
1111010101000000
1100010101011000
0101010011010100
1000111010110001
0000111000101010
0001100001000100
1100111010010111
1101110110101111
0111111001100011
0001110111111111
0101000100010011
0001100111010001
1000110111100001
1000111100111011
1110111100101110
0010111111101000
0010110001011111
1101101111110101
1111110111000111
1010110001001100
1001110010100111
0001001100000110
1101111100011100
1101101110000001
1001100001101100
0111110000100111
1110110001010100
0100001111111100
