1010011101100000
0111011000111000
0110000001010010
1111110100010110
1110100000110110
1010000001100111
0110110011101000
1000000101101101
1010111110110111
1101001011110101
1000110011011001
1010010100000000
0011101010110111
1111101101110110
1101011010001011
1011110010011100
1111001101101011
1010111101111001
1101001100000010
1100001110010011
0101010001111111
0011001001000100
1101010101100010
0001010010001010
1100100110101111
1100001110010011
1100001010001000
0010110101010101
0000010100010011
1001001110100110
1000111001001011
1100001000111100
1111000010011111
1100100011000111
0010110111000011
0111001100010111
0100011000100001
0010001011011010
0100000011101010
0011111100101111
0001011000000110
0100010111100111
1110010001111010
0001101011110100
1011111101010111
1100101001001010
1000010011110010
1101100011101001
1010010001001100
1110100101011010
1010011100101111
0101010000111001
0011110100111100
1001100101001111
0101001000010101
1011101000100011
1001101101100000
0010100110101011
0111010001011111
0101000010000111
0001111110001101
1101010000001001
1100011100000001
1110111100110011