-0.4114074707
-0.6401977539
0.8525695801
-0.8636474609
0.1621704102
0.2742919922
0.3025207520
0.7292175293
-0.8881225586
0.6336975098
0.0578308105
0.3886718750
-0.5751953125
0.0865478516
0.4050292969
0.9128417969
-0.1109313965
-0.8292236328
-0.8853454590
0.2588806152
0.5923461914
0.3823547363
-0.3093872070
0.8936157227
0.0403747559
0.9076232910
-0.8528137207
-0.5859375000
0.5500488281
0.8283691406
0.5650939941
-0.4089355469
-0.6963195801
0.6958007812
0.5697021484
-0.4583435059
-0.5444030762
-0.3579711914
0.6591186523
0.6443481445
0.1413574219
0.1436462402
-0.4279785156
0.3982543945
0.5924987793
-0.1168518066
-0.1075744629
-0.0686950684
-0.4419250488
0.3507385254
0.8073120117
0.8170471191
0.4943847656
-0.4790039062
0.3792724609
-0.7363586426
-0.7530212402
-0.6181945801
-0.7085571289
0.1700744629
-0.8533020020
0.6446228027
0.4458007812
0.8517150879
