0.4208068848
-0.3762817383
-0.4171142578
0.7007141113
0.8232727051
0.2785339355
-0.4892883301
-0.8226928711
0.6764831543
0.1694335938
0.8962097168
-0.8779602051
0.1692810059
-0.4298095703
0.6554565430
-0.6180419922
-0.1149597168
-0.2131958008
0.6531372070
0.3537292480
-0.5848083496
-0.3638000488
-0.7323913574
0.3428955078
0.1419677734
-0.6604919434
-0.7047119141
-0.0478515625
0.8161926270
0.1043395996
-0.9341430664
-0.8923034668
0.6101074219
-0.0972595215
-0.2347106934
0.5792846680
-0.2714538574
0.0646972656
0.4233093262
0.7429504395
-0.3426208496
0.3002319336
0.9496459961
-0.8480834961
0.1740112305
-0.1722412109
-0.3817443848
-0.4723510742
0.5175170898
0.9904174805
-0.6268615723
0.5622863770
-0.6084289551
0.9847106934
0.6045227051
-0.1515502930
0.4577026367
-0.0032958984
0.6179504395
-0.2869873047
-0.8535156250
0.1819763184
0.8203735352
-0.6124877930
-0.1352844238
0.4982910156
-0.9216613770
0.8926391602
0.5273437500
0.1176147461
-0.6323242188
-0.0041198730
0.0356750488
0.9884643555
0.7096862793
0.9248046875
0.3578796387
-0.1930236816
0.8699340820
-0.0410461426
-0.5364379883
-0.2074279785
0.4101257324
0.1170959473
0.5132446289
0.9909362793
0.9248352051
0.0701293945
0.9277343750
-0.7687683105
-0.8971252441
-0.3913269043
0.1603698730
0.0619201660
0.8023986816
0.0810852051
-0.1360473633
0.0853271484
0.4248046875
-0.9666748047
0.6018371582
-0.7149963379
-0.0430603027
-0.4863586426
-0.2618408203
0.3235168457
-0.6607971191
-0.4424438477
-0.6035766602
-0.6098632812
-0.3463439941
0.7606506348
-0.0578002930
-0.1920776367
-0.6415405273
0.9378356934
-0.1850891113
0.6889648438
0.2306213379
-0.2467956543
0.7543334961
0.5697021484
-0.0700988770
0.6279296875
0.7968750000
-0.1415405273
-0.3313598633
0.1932678223
0.8039550781
0.4041137695
-0.2451171875
0.4699096680
0.9082031250
0.0856018066
0.0802001953
-0.3778076172
-0.8575439453
-0.6360473633
-0.8140258789
-0.0730285645
-0.9813537598
0.8300476074
0.2854614258
-0.9971923828
-0.9392395020
-0.5830688477
-0.0900878906
-0.7454833984
-0.9827270508
0.4541320801
-0.2917785645
0.5608825684
-0.1267089844
-0.1268920898
-0.9015808105
-0.9007568359
-0.8178100586
0.1880493164
-0.5178527832
0.6827087402
0.7144165039
0.9272155762
-0.0222167969
-0.5593872070
-0.5476074219
0.0735473633
0.5242004395
-0.3048706055
-0.0775451660
0.2786254883
0.8346557617
-0.6768798828
0.4312438965
0.1554565430
-0.1334228516
0.7684631348
-0.2138977051
-0.6420593262
0.2666625977
0.2479858398
-0.3441467285
0.6059265137
0.9989318848
0.9619445801
-0.7459411621
-0.5355224609
-0.9527587891
0.2148437500
-0.7784118652
-0.1850891113
0.7681274414
0.0962524414
-0.2620239258
-0.5833129883
-0.1181335449
0.9123840332
-0.7519531250
-0.0585021973
0.7137756348
-0.9132385254
0.3832397461
0.9579467773
-0.4334716797
-0.7324523926
0.3705444336
0.8189086914
0.2217102051
0.7999572754
-0.6131591797
0.5088195801
-0.3074951172
-0.1627502441
-0.6885681152
0.6380004883
0.2498168945
0.4771118164
0.6101989746
-0.8655700684
0.9015502930
-0.0048522949
0.5102844238
0.4848022461
0.6622314453
-0.6870117188
-0.0853881836
0.2361755371
0.8643493652
0.6701660156
0.7908325195
0.1650085449
0.1654663086
0.7098388672
-0.9302978516
0.7708129883
-0.1845397949
-0.9272460938
0.4922790527
-0.6903686523
-0.7121887207
0.2119140625
-0.4910583496
-0.3517150879
-0.1964416504
-0.1872558594
-0.2276306152
0.2195739746
-0.6662292480
-0.6238403320
-0.8107604980
-0.3536376953
0.5391845703
-0.5317687988
0.4807128906
0.3856201172
0.6481323242
0.6559448242
-0.4132690430
-0.3812866211
0.0460510254
-0.3494262695
0.6636657715
0.6205749512
0.1139831543
-0.4740905762
0.3611145020
-0.5327148438
-0.0871582031
-0.2308959961
0.0771789551
0.9833984375
0.5104370117
0.9609069824
-0.5304565430
0.0570983887
-0.8971557617
0.5137329102
0.2039489746
0.7143249512
0.9765319824
0.8589477539
-0.1809997559
-0.9993286133
0.0817565918
-0.5845642090
-0.5614624023
-0.3483886719
-0.8081054688
0.4950561523
0.4970092773
0.0865783691
-0.3237609863
0.6646423340
0.1051330566
0.9150695801
0.7856445312
-0.2870178223
0.0927734375
-0.3066406250
0.2456054688
0.5932312012
0.4917297363
-0.7489318848
0.6447753906
-0.9497070312
-0.1711425781
0.4627990723
0.5627441406
-0.2654418945
0.4897155762
0.7845153809
-0.5148010254
-0.7408142090
-0.5498657227
-0.2999877930
-0.4258422852
0.8549499512
-0.8973999023
0.1853332520
-0.6742248535
0.6767883301
-0.6648864746
0.0043945312
0.9986572266
-0.2892150879
-0.9058532715
-0.5726928711
-0.2043457031
-0.3326721191
-0.5408020020
0.8722229004
0.3663635254
0.9242248535
-0.1240539551
0.8806457520
-0.9883422852
0.2206115723
0.6021423340
-0.5340576172
0.8649291992
0.5265197754
0.6528930664
0.1469116211
0.5851440430
-0.3419189453
-0.5531005859
-0.3752441406
0.1690368652
0.6598205566
-0.4190979004
-0.1949157715
0.7240905762
0.2294616699
0.9823608398
-0.5926208496
0.6543884277
0.3517150879
-0.5021057129
-0.0484313965
-0.2018737793
0.1988525391
0.6010437012
-0.7898864746
0.6428833008
0.6821594238
-0.2910156250
-0.1398620605
0.1444702148
0.4016418457
0.4849243164
0.5157470703
-0.2217712402
-0.1414184570
0.9126892090
0.1459350586
0.6994323730
-0.4473266602
0.2446289062
0.1766967773
0.9269104004
-0.8282165527
0.0009765625
0.0431518555
-0.8196716309
0.8093261719
0.7687683105
-0.1220397949
0.5634155273
-0.7030944824
0.2396240234
-0.4787597656
-0.1087036133
0.6879882812
-0.6076049805
-0.3923034668
-0.0334167480
-0.3244018555
0.5969543457
0.9749450684
-0.6819152832
-0.5262451172
0.4044494629
-0.2490844727
0.9473876953
0.9446105957
0.2873840332
0.7201843262
-0.1962585449
0.2638549805
0.9704589844
0.1189270020
0.8671569824
0.4406738281
-0.0319519043
0.2780456543
0.7752685547
-0.6025390625
-0.2092895508
0.9843444824
-0.1953125000
0.3176879883
0.8026733398
0.9907531738
0.3063049316
-0.7831420898
-0.9277954102
0.2361755371
0.1342773438
0.9239196777
0.4921875000
0.3250122070
0.0466003418
-0.4802246094
0.9239807129
0.0803833008
-0.9394836426
0.3926086426
0.0394287109
-0.8819580078
0.7800598145
-0.3395996094
-0.5406188965
-0.7721252441
-0.3781738281
-0.5431518555
0.3039855957
-0.8677062988
-0.4491577148
-0.4363708496
0.7601318359
-0.1113586426
0.5118103027
0.2065734863
0.5665283203
-0.7721557617
0.9571228027
0.6971740723
-0.8987121582
-0.0675964355
-0.3486938477
0.2604064941
-0.5394287109
0.1597595215
0.2062988281
0.1997375488
-0.1031494141
-0.9291687012
0.0276184082
-0.1845397949
-0.7839355469
-0.0802612305
-0.0982360840
0.1022644043
0.6107788086
0.4016723633
0.7444458008
-0.8956298828
-0.5606384277
-0.0807189941
0.9170532227
0.5800781250
-0.0962524414
-0.3331604004
-0.8818359375
0.4817810059
0.0135803223
-0.6001586914
-0.1456298828
-0.6626281738
0.5033874512
-0.2633056641
0.8836059570
-0.9656677246
0.6581115723
0.2531738281
0.0774841309
0.3009948730
0.4532470703
-0.8110351562
0.7551269531
-0.9712829590
