-0.1731230961
-0.1145945043
0.7712657946
-0.7054785705
-0.7496978761
0.3704011216
0.0761555332
0.3704061788
-0.8579258714
-0.0019703544
1.7235042033
-0.9802073714
0.3497697626
-1.4411348272
2.0134240128
0.5192674053
-0.4598816596
-1.0196909839
-0.0019129933
3.0526441402
-0.6926794891
-1.0496808058
-4.1169736358
4.0963635130
1.0595818906
2.8084107321
-3.2899055921
-1.3827746648
1.8018733541
1.8311998899
-1.0542848195
-2.5213066741
-1.1319966715
6.0018624392
2.3002260448
-4.0394498717
-6.9475154896
2.8146533260
3.6257189455
2.3934485713
-6.5655959706
-1.8589160710
1.9678549023
5.3366775309
1.5281320995
-8.7400831729
-0.8072388098
3.2325502205
5.9942190515
-1.1710661651
-5.5832956180
0.0634179956
0.5147589753
3.4257188310
-3.6535423548
-0.5509652793
-1.8285224734
2.6003295339
2.2499670062
-4.5739008122
-0.0944388077
-1.4038721704
4.4982129383
1.0817643676
0.0204837277
-3.8808500907
-0.9611240876
3.6327706444
-0.4445096403
1.2858182870
-4.2905481778
1.6475264031
1.4592203732
1.3257415233
-3.0585093461
-3.6937465930
-1.0914463689
2.4501882403
4.5983406735
0.0443558897
-0.2967495284
0.0922457122
5.6411199324
0.5249283779
-1.8011094966
-3.3757243903
0.1382394618
3.7848518465
0.8821416982
-0.2405793595
1.8436752151
0.7085903524
3.0289032404
-0.9445371118
-2.5318986310
-1.2769107903
0.8373895763
0.6471388696
2.8776034789
-0.3613412438
1.0924141454
2.1911387250
1.9647893747
2.7296442739
-2.9719179432
1.0205520157
-0.3447279931
7.1792261068
1.4827712726
-1.0902158181
-4.5963933636
-0.2216182491
0.9111212313
-0.6002662968
-1.8861668671
0.2236922448
2.5288518683
4.7421721227
-0.8717487111
1.7546869375
-2.7578905576
-0.7296273448
0.3028743879
-1.3194247287
-0.4314963275
3.8261308522
4.9022705136
0.7663266919
-0.9096579189
-4.0344991907
1.2743357021
-2.8753468060
-2.8739737189
-3.4681118150
0.9767788355
1.7126574450
4.3854088559
1.8470136719
4.0572702366
0.8550335571
-0.8840705255
-2.7053449919
-6.4224133985
0.7207739389
1.5082757296
1.2150725359
1.3804492565
0.8476857822
4.3771359276
0.1943509390
-3.0259901352
-0.1399186311
-2.4795650888
-1.7631004144
-0.0835407825
1.2966198214
4.1691788044
1.6015870206
-2.6839641735
-2.9382030931
-3.7697367566
3.4824224272
3.2028357178
-1.7273633898
0.6878186866
-0.2998931545
3.4636168442
0.1843730750
-3.1348245905
-4.3621981034
0.3289283142
0.8187287113
3.6906683640
-4.7863840303
3.9766119992
0.1390022907
-2.0687659545
-5.6846728713
-5.7791768062
0.1117888522
3.1544154594
0.5144626248
0.6435589493
-2.1018350367
-0.0598384215
2.4795784028
-2.9728344257
-5.2195153485
-3.7693157857
2.0346248289
1.6198006467
-0.2252186258
-0.0782136443
1.4684447394
1.3876600901
1.0907277866
0.1549216651
-1.3097755963
-1.5442547209
-2.8554089815
2.3619585445
-3.1272923435
2.5780326779
5.2587235607
3.2536055989
-1.0719007044
-2.5323174167
-3.9242882673
-2.6016895037
-2.4778511766
2.1873234744
6.6782595288
4.0631614848
0.5903411173
-1.4812446683
0.0310488764
0.0074568492
-7.0193472280
-2.8503221018
-3.4187773037
8.8422938455
-0.6358375970
0.4428489024
0.2626900097
2.1460124954
0.2739554959
-2.0918791957
-2.8458251753
0.2968066103
3.1369124382
-0.5898627493
-0.6640640859
-1.3727593503
2.9323349120
2.9642308904
3.4785300401
-2.2086963627
-3.2076414471
0.1919560347
-1.4358350709
0.0203677788
3.5701703687
-0.3129935545
1.8178140558
3.6628538537
2.0477771571
-0.0859837401
-1.3618770534
-0.1997728404
2.6109960171
-0.1478620954
0.7832720213
1.8107202422
-4.0043903541
2.1792864929
-2.0039873488
3.5695482546
-0.9098707382
-1.2807645899
5.4608629699
-0.8515288748
-1.4662576944
-4.6486278931
-2.1099305106
1.9951229289
1.3543615664
1.6288296952
0.6377067417
1.4809456664
0.3583478488
1.0387518546
-3.3905113097
-1.1690105321
-0.5596522956
-0.7417965428
3.0488025120
-2.9135528300
2.4198608390
-1.6082789963
-0.9916855767
1.3044688300
-2.0244407343
0.0827687795
3.3812961067
2.9207166671
-0.1757152483
-4.8545699157
-4.5031560363
-2.4437678366
1.6737828228
1.0265000665
-0.2140106596
1.6436163450
2.7647435534
2.9972228268
-2.3665576968
-2.4959541048
-3.2373374698
4.3293812203
1.3133140829
1.6880747725
-0.1318848163
2.3678930860
1.3529426279
4.8182698485
-1.8873888543
-0.9446733093
1.9642840716
0.3894926523
-1.7487559841
-4.9782164750
0.4816903203
0.4934545644
2.0060376929
-0.4669838742
0.8814985834
1.6505102773
0.9311542761
-1.5691583108
1.1819187095
-0.3910298786
5.7989030078
1.6470184467
0.9098831760
-1.5796190573
-3.4911507325
-4.0192680296
-0.0093413397
3.4240543527
2.6984490965
0.0955882878
-1.1553679593
1.2255710401
-1.9309109404
-1.9131847063
-4.7863592786
-2.4991466243
0.6272888091
6.2384399343
-2.1065205450
3.3641241284
-2.6785599431
5.3691191612
1.4673170065
1.5956669788
1.2026876781
-1.1393950206
-2.5964968556
-2.6212964328
-1.3514752882
-1.4238242432
-0.6519882010
2.4880137705
-1.6598415077
0.1387445239
-2.8989368422
4.5446079215
-2.5211335215
-0.7880436303
2.5171363625
1.0890139192
6.2713013207
-2.3933334800
-1.6636352354
-3.0492438449
0.3602602128
-0.5839456244
0.0786547363
-2.4359245711
4.4565120126
1.3450760795
2.7507356861
-0.0430525998
0.0227417107
0.9952794715
-1.2823774702
1.6908497297
-3.2557875068
-0.4434662169
0.5316224591
5.3516991353
0.4353292193
2.8222708952
5.9638207871
-2.0726276506
3.4454778043
-7.0075381119
-0.2850729645
1.2733174263
-3.0619441633
3.2902149081
-0.6868142348
5.2016415458
3.9275150388
-3.1394383037
-2.4406543571
-1.5592676979
2.3911091065
-0.2161740383
0.7416029768
-2.7641860087
6.0635424084
1.4514300811
0.8301405013
-0.8288765428
-1.9118914997
3.9581342254
-0.2796131803
-3.4668665572
-0.2443190952
-2.4589675637
3.0724088626
1.4755918793
1.8076440999
0.2198184133
-1.2440300056
4.1537195359
2.4734858219
-0.2276233694
1.8227097038
-4.2522636605
0.6469592182
-1.3228193836
0.9699536742
3.5253910047
1.6569169704
0.2670058346
1.1975299752
-0.6039351995
-1.8339745657
1.5199148796
0.0818998944
-0.0517753780
-0.2098258834
2.5171376422
5.1149571190
0.7734250779
2.8989235814
-2.8819900710
-2.9285157863
2.9567817455
2.7000708532
5.0534771262
-1.3061670850
-2.6168362422
0.2563787051
1.8295036701
3.5747702438
0.1784069548
0.1517849171
1.9178522199
0.9941020374
-0.5396393771
0.1261535204
1.2452956844
1.1211362610
-1.2255197194
1.4150428641
-0.1257144465
3.3093932979
-0.6433933296
3.6781148743
-5.7554716208
0.1321389663
-0.6269881282
0.3114435250
0.4992516751
-3.5165608273
0.7546823329
0.5339410453
-2.0013741533
4.3935557574
0.2689490039
1.6376695565
-4.1068128097
-3.0799965119
1.1078827394
0.1627185607
0.8023507726
0.9584877161
-0.9696079899
-1.6719596759
2.9512079244
2.3476217684
-0.5238789152
-2.1329834114
-4.2369047095
-0.4074410910
1.4476934548
-0.8454440991
-1.9544019449
-3.9654952399
2.7575171021
0.5669422157
2.8964487772
-0.6988725029
-5.3792441557
1.8008464482
-0.0521984408
3.3916302763
